M = 1000; 
F = 1000; 
alpha = 500; 
c = 400;